100
1 26
6 3009001
6 0000001
4 11111
5 000003
4 00101
6 0070001
5 775071
4 11211
6 0351554
6 0000001
2 001
6 4819771
0 1
3 0211
6 3800001
6 1201122
6 1652996
0 1
2 001
0 1
1 01
6 3500801
2 001
5 110011
1 31
6 0060601
6 6824104
6 9999999
2 801
6 1111111
2 801
3 2767
6 0920801
6 2022001
6 5333333
6 8813011
0 3
6 0000001
6 5426599
0 1
1 09
6 0000001
0 1
3 0001
6 1102201
6 0000001
3 0201
1 11
0 1
2 121
6 1112212
2 001
6 9879958
4 88532
6 1011221
6 8000002
6 1000201
6 9000001
3 9398
6 1022001
6 0090001
6 2012211
5 202101
6 0500001
6 3001963
5 210121
6 9096865
6 0000001
6 2170483
6 6115891
5 700901
6 0000077
6 0000001
5 000001
6 4060001
1 61
5 587143
6 3007001
1 01
6 1220022
1 12
1 21
6 8004087
5 209001
6 0000038
6 0090001
6 0900002
0 1
6 1202222
3 7601
6 2121001
6 7000021
6 0560001
4 22211
6 8000003
6 0001001
5 111111
6 4400008
6 4705061
